Gen		Median		MAD		Best		Div		Run Best		Code
1		100.0		45.0		0.013		45.0		print_tap(input1)
2		55.0		45.0		0.017		45.0		print_tap(input1)
3		46.0		45.0		0.019		45.0		print_tap(input1)
4		46.0		45.0		0.024		45.0		print_tap(input1)
5		55.0		45.0		0.028		45.0		print_tap(input1)
6		55.0		45.0		0.033		45.0		print_tap(input1)
7		51.0		45.0		0.038		45.0		print_tap(input1)
8		52.0		23.0		0.045		23.0		pos(print_do(max_(min_(input2, input1), input3), -1))
9		51.0		23.0		0.073		23.0		pos(print_do(max_(min_(input2, input1), input3), -1))
10		51.0		23.0		0.085		23.0		pos(print_do(max_(min_(input2, input1), input3), -1))
11		51.0		23.0		0.105		23.0		pos(print_do(max_(min_(input2, input1), input3), -1))
12		50.0		23.0		0.089		23.0		pos(print_do(max_(min_(input2, input1), input3), -1))
13		50.0		23.0		0.082		23.0		pos(print_do(max_(min_(input2, input1), input3), -1))
14		51.0		23.0		0.101		23.0		pos(print_do(max_(min_(input2, input1), input3), -1))
15		51.0		23.0		0.118		23.0		pos(print_do(max_(min_(input2, input1), input3), -1))
16		55.0		23.0		0.111		23.0		pos(print_do(max_(min_(input2, input1), input3), -1))
17		52.0		23.0		0.129		23.0		pos(print_do(max_(min_(input2, input1), input3), -1))
18		51.5		23.0		0.136		23.0		pos(print_do(max_(min_(input2, input1), input3), -1))
19		55.0		23.0		0.127		23.0		pos(print_do(max_(min_(input2, input1), input3), -1))
20		68.5		23.0		0.123		23.0		pos(print_do(max_(min_(input2, input1), input3), -1))
21		59.0		23.0		0.127		23.0		pos(print_do(max_(min_(input2, input1), input3), -1))
22		51.0		22.0		0.114		22.0		print_do(max_(min_(input1, input2), min_(input1, input3)), 10)
23		51.0		22.0		0.122		22.0		print_do(max_(min_(input1, input2), min_(input1, input3)), 10)
24		52.0		22.0		0.131		22.0		print_do(max_(min_(input1, input2), min_(input1, input3)), 10)
25		67.5		22.0		0.122		22.0		print_do(max_(min_(input1, input2), min_(input1, input3)), 10)
26		51.0		22.0		0.128		22.0		print_do(max_(min_(input1, input2), min_(input1, input3)), 10)
27		56.0		22.0		0.118		22.0		print_do(max_(min_(input1, input2), min_(input1, input3)), 10)
28		61.0		22.0		0.124		22.0		print_do(max_(min_(input1, input2), min_(input1, input3)), 10)
29		64.5		0.0		0.146		0.0		pos(mul(print_do(max_(min_(input3, input2), min_(input1, max_(input2, input3))), bool2float(True)), -1))
Solution found.
def median(input1, input2, input3):
    return pos(mul(print_do(max_(min_(input3, input2), min_(input1, max_(input2, input3))), bool2float(True)), -1))

Simplifying genome of length 94.
Simplified genome: length=94 error=0.0
def median(input1, input2, input3):
    return pos(mul(print_do(max_(min_(input3, input2), min_(input1, max_(input2, input3))), bool2float(True)), -1))

[0. 0. 0. 0. 0. 0. 0. 0. 0. 0. 0. 0. 0. 0. 0. 0. 0. 0. 0. 0. 0. 0. 0. 0.
 0. 0. 0. 0. 0. 0. 0. 0. 0. 0. 0. 0. 0. 0. 0. 0. 0. 0. 0. 0. 0. 0. 0. 0.
 0. 0. 0. 0. 0. 0. 0. 0. 0. 0. 0. 0. 0. 0. 0. 0. 0. 0. 0. 0. 0. 0. 0. 0.
 0. 0. 0. 0. 0. 0. 0. 0. 0. 0. 0. 0. 0. 0. 0. 0. 0. 0. 0. 0. 0. 0. 0. 0.
 0. 0. 0. 0. 0. 0. 0. 0. 0. 0. 0. 0. 0. 0. 0. 0. 0. 0. 0. 0. 0. 0. 0. 0.
 0. 0. 0. 0. 0. 0. 0. 0. 0. 0. 0. 0. 0. 0. 0. 0. 0. 0. 0. 0. 0. 0. 0. 0.
 0. 0. 0. 0. 0. 0. 0. 0. 0. 0. 0. 0. 0. 0. 0. 0. 0. 0. 0. 0. 0. 0. 0. 0.
 0. 0. 0. 0. 0. 0. 0. 0. 0. 0. 0. 0. 0. 0. 0. 0. 0. 0. 0. 0. 0. 0. 0. 0.
 0. 0. 0. 0. 0. 0. 0. 0. 0. 0. 0. 0. 0. 0. 0. 0. 0. 0. 0. 0. 0. 0. 0. 0.
 0. 0. 0. 0. 0. 0. 0. 0. 0. 0. 0. 0. 0. 0. 0. 0. 0. 0. 0. 0. 0. 0. 0. 0.
 0. 0. 0. 0. 0. 0. 0. 0. 0. 0. 0. 0. 0. 0. 0. 0. 0. 0. 0. 0. 0. 0. 0. 0.
 0. 0. 0. 0. 0. 0. 0. 0. 0. 0. 0. 0. 0. 0. 0. 0. 0. 0. 0. 0. 0. 0. 0. 0.
 0. 0. 0. 0. 0. 0. 0. 0. 0. 0. 0. 0. 0. 0. 0. 0. 0. 0. 0. 0. 0. 0. 0. 0.
 0. 0. 0. 0. 0. 0. 0. 0. 0. 0. 0. 0. 0. 0. 0. 0. 0. 0. 0. 0. 0. 0. 0. 0.
 0. 0. 0. 0. 0. 0. 0. 0. 0. 0. 0. 0. 0. 0. 0. 0. 0. 0. 0. 0. 0. 0. 0. 0.
 0. 0. 0. 0. 0. 0. 0. 0. 0. 0. 0. 0. 0. 0. 0. 0. 0. 0. 0. 0. 0. 0. 0. 0.
 0. 0. 0. 0. 0. 0. 0. 0. 0. 0. 0. 0. 0. 0. 0. 0. 0. 0. 0. 0. 0. 0. 0. 0.
 0. 0. 0. 0. 0. 0. 0. 0. 0. 0. 0. 0. 0. 0. 0. 0. 0. 0. 0. 0. 0. 0. 0. 0.
 0. 0. 0. 0. 0. 0. 0. 0. 0. 0. 0. 0. 0. 0. 0. 0. 0. 0. 0. 0. 0. 0. 0. 0.
 0. 0. 0. 0. 0. 0. 0. 0. 0. 0. 0. 0. 0. 0. 0. 0. 0. 0. 0. 0. 0. 0. 0. 0.
 0. 0. 0. 0. 0. 0. 0. 0. 0. 0. 0. 0. 0. 0. 0. 0. 0. 0. 0. 0. 0. 0. 0. 0.
 0. 0. 0. 0. 0. 0. 0. 0. 0. 0. 0. 0. 0. 0. 0. 0. 0. 0. 0. 0. 0. 0. 0. 0.
 0. 0. 0. 0. 0. 0. 0. 0. 0. 0. 0. 0. 0. 0. 0. 0. 0. 0. 0. 0. 0. 0. 0. 0.
 0. 0. 0. 0. 0. 0. 0. 0. 0. 0. 0. 0. 0. 0. 0. 0. 0. 0. 0. 0. 0. 0. 0. 0.
 0. 0. 0. 0. 0. 0. 0. 0. 0. 0. 0. 0. 0. 0. 0. 0. 0. 0. 0. 0. 0. 0. 0. 0.
 0. 0. 0. 0. 0. 0. 0. 0. 0. 0. 0. 0. 0. 0. 0. 0. 0. 0. 0. 0. 0. 0. 0. 0.
 0. 0. 0. 0. 0. 0. 0. 0. 0. 0. 0. 0. 0. 0. 0. 0. 0. 0. 0. 0. 0. 0. 0. 0.
 0. 0. 0. 0. 0. 0. 0. 0. 0. 0. 0. 0. 0. 0. 0. 0. 0. 0. 0. 0. 0. 0. 0. 0.
 0. 0. 0. 0. 0. 0. 0. 0. 0. 0. 0. 0. 0. 0. 0. 0. 0. 0. 0. 0. 0. 0. 0. 0.
 0. 0. 0. 0. 0. 0. 0. 0. 0. 0. 0. 0. 0. 0. 0. 0. 0. 0. 0. 0. 0. 0. 0. 0.
 0. 0. 0. 0. 0. 0. 0. 0. 0. 0. 0. 0. 0. 0. 0. 0. 0. 0. 0. 0. 0. 0. 0. 0.
 0. 0. 0. 0. 0. 0. 0. 0. 0. 0. 0. 0. 0. 0. 0. 0. 0. 0. 0. 0. 0. 0. 0. 0.
 0. 0. 0. 0. 0. 0. 0. 0. 0. 0. 0. 0. 0. 0. 0. 0. 0. 0. 0. 0. 0. 0. 0. 0.
 0. 0. 0. 0. 0. 0. 0. 0. 0. 0. 0. 0. 0. 0. 0. 0. 0. 0. 0. 0. 0. 0. 0. 0.
 0. 0. 0. 0. 0. 0. 0. 0. 0. 0. 0. 0. 0. 0. 0. 0. 0. 0. 0. 0. 0. 0. 0. 0.
 0. 0. 0. 0. 0. 0. 0. 0. 0. 0. 0. 0. 0. 0. 0. 0. 0. 0. 0. 0. 0. 0. 0. 0.
 0. 0. 0. 0. 0. 0. 0. 0. 0. 0. 0. 0. 0. 0. 0. 0. 0. 0. 0. 0. 0. 0. 0. 0.
 0. 0. 0. 0. 0. 0. 0. 0. 0. 0. 0. 0. 0. 0. 0. 0. 0. 0. 0. 0. 0. 0. 0. 0.
 0. 0. 0. 0. 0. 0. 0. 0. 0. 0. 0. 0. 0. 0. 0. 0. 0. 0. 0. 0. 0. 0. 0. 0.
 0. 0. 0. 0. 0. 0. 0. 0. 0. 0. 0. 0. 0. 0. 0. 0. 0. 0. 0. 0. 0. 0. 0. 0.
 0. 0. 0. 0. 0. 0. 0. 0. 0. 0. 0. 0. 0. 0. 0. 0. 0. 0. 0. 0. 0. 0. 0. 0.
 0. 0. 0. 0. 0. 0. 0. 0. 0. 0. 0. 0. 0. 0. 0. 0.]
Final Test Error: 0.0
